[gd_scene load_steps=15 format=3 uid="uid://dwb1uuxwnkhr2"]

[ext_resource type="PackedScene" uid="uid://b1k2n0mngv17g" path="res://scenes/rigid_box.tscn" id="1_g1j0t"]
[ext_resource type="Script" path="res://scenes/main_utils.gd" id="1_yv4jf"]
[ext_resource type="Script" path="res://scenes/PathFollow3D.gd" id="2_bx5mx"]
[ext_resource type="PackedScene" uid="uid://cfydsgkur4y6i" path="res://scenes/enemy.tscn" id="3_ktybs"]
[ext_resource type="PackedScene" uid="uid://blvrf2ko8lwu8" path="res://scenes/knight.tscn" id="4_8lpuc"]

[sub_resource type="StandardMaterial3D" id="StandardMaterial3D_tax2a"]
albedo_color = Color(0.337255, 0.32549, 0.329412, 1)
roughness = 0.4

[sub_resource type="BoxMesh" id="BoxMesh_u2u0s"]
size = Vector3(100, 0.1, 100)

[sub_resource type="BoxShape3D" id="BoxShape3D_cdjd4"]
size = Vector3(100, 0.1, 100)

[sub_resource type="ProceduralSkyMaterial" id="ProceduralSkyMaterial_5iycx"]

[sub_resource type="Sky" id="Sky_0dwjy"]
sky_material = SubResource("ProceduralSkyMaterial_5iycx")

[sub_resource type="Environment" id="Environment_ptumj"]
background_mode = 2
sky = SubResource("Sky_0dwjy")
ssr_enabled = true
ssao_enabled = true
glow_enabled = true
fog_enabled = true
fog_light_color = Color(0.374, 0.3993, 0.44, 1)
fog_sun_scatter = 0.19
fog_density = 0.0
volumetric_fog_enabled = true

[sub_resource type="BoxShape3D" id="BoxShape3D_28sx2"]
size = Vector3(10, 5, 0.5)

[sub_resource type="BoxMesh" id="BoxMesh_bs18r"]
size = Vector3(10, 5, 0.5)

[sub_resource type="Curve3D" id="Curve3D_my6gp"]
bake_interval = 131.81
_data = {
"points": PackedVector3Array(0, 0, 0, 0, 0, 0, -24.997, 0, 20.7779, 0, 0, 0, 0, 0, 0, -34.4283, 0, 14.6333, 0, 0, 0, 0, 0, 0, -36.5718, 0, 6.05931, 0, 0, 0, 0, 0, 0, -37.1434, 0, -2.58609, 0, 0, 0, 0, 0, 0, -33.3566, 0, -5.94422, 0, 0, 0, 0, 0, 0, -27.2833, 0, -7.58756, 0, 0, 0, 0, 0, 0, -24.4968, 0, -7.65901, 0, 0, 0, 0, 0, 0, -19.9955, 0, -6.80161, 0, 0, 0, 0, 0, 0, -18.2093, 0, -5.01537, 0, 0, 0, 0, 0, 0, -16.7803, 0, -2.01449, 0, 0, 0, 0, 0, 0, -15.9943, 0, 1.20074, 0, 0, 0, 0, 0, 0, -15.5656, 0, 4.13017, 0, 0, 0, 0, 0, 0, -15.78, 0, 7.70265, 0, 0, 0, 0, 0, 0, -15.6371, 0, 10.775, 0, 0, 0, 0, 0, 0, -14.4939, 0, 13.4901, 0, 0, 0, 0, 0, 0, -12.2789, 0, 13.633, 0, 0, 0, 0, 0, 0, -9.84965, 0, 13.4901, 0, 0, 0, 0, 0, 0, -5.91993, 0, 13.1328, 0, 0, 0, 0, 0, 0, -5.91993, 0, 9.70324, 0, 0, 0, 0, 0, 0, -5.27688, 0, 6.84525, 0, 0, 0, 0, 0, 0, 5.01185, 0, 6.9167, 0, 0, 0, 0, 0, 0, 7.86984, 0, 9.63179, 0, 0, 0, 0, 0, 0, 7.72694, 0, 12.5612, 0, 0, 0, 0, 0, 0, 5.15475, 0, 14.2046, 0, 0, 0, 0, 0, 0, 0.367633, 0, 13.4901, 0, 0, 0, 0, 0, 0, -2.4189, 0, 14.4189, 0, 0, 0, 0, 0, 0, -6.06283, 0, 15.2049, 0, 0, 0, 0, 0, 0, -9.06371, 0, 16.1337, 0, 0, 0, 0, 0, 0, -13.7079, 0, 17.5627, 0, 0, 0, 0, 0, 0, -17.7806, 0, 19.992, 0, 0, 0, 0, 0, 0, -21.353, 0, 21.2781, 0, 0, 0, 0, 0, 0, -24.997, 0, 20.7779),
"tilts": PackedFloat32Array(0, 0, 0, 0, 0, 0, 0, 0, 0, 0, 0, 0, 0, 0, 0, 0, 0, 0, 0, 0, 0, 0, 0, 0, 0, 0, 0, 0, 0, 0, 0, 0)
}
point_count = 32

[node name="level" type="Node3D"]
script = ExtResource("1_yv4jf")

[node name="DirectionalLight3D2" type="DirectionalLight3D" parent="."]
transform = Transform3D(-0.0493377, 0.112756, 0.992397, 0.987109, 0.156974, 0.0312395, -0.152258, 0.981145, -0.119047, 99.9576, 6.71503, 32.8921)
light_color = Color(0.384314, 0.415686, 0.529412, 1)
light_energy = 9.808
light_indirect_energy = 0.0
light_volumetric_fog_energy = 0.055
shadow_enabled = true
shadow_blur = 0.0

[node name="floor" type="StaticBody3D" parent="."]
metadata/_edit_group_ = true

[node name="MeshInstance3D" type="MeshInstance3D" parent="floor"]
material_override = SubResource("StandardMaterial3D_tax2a")
mesh = SubResource("BoxMesh_u2u0s")

[node name="CollisionShape3D" type="CollisionShape3D" parent="floor"]
shape = SubResource("BoxShape3D_cdjd4")

[node name="Node3D" type="Node3D" parent="."]
transform = Transform3D(1, 0, 0, 0, 1, 0, 0, 0, 1, -4.68179, 1.01268, 0)
metadata/_edit_group_ = true

[node name="rigid_box" parent="Node3D" instance=ExtResource("1_g1j0t")]
transform = Transform3D(0.710271, -0.617294, -0.338323, 0.703928, 0.622857, 0.341372, 0, -0.480621, 0.876928, 0, 4.6678, 0)

[node name="rigid_box2" parent="Node3D" instance=ExtResource("1_g1j0t")]
transform = Transform3D(0.710271, -0.617294, -0.338323, 0.703928, 0.622857, 0.341372, 0, -0.480621, 0.876928, 0, 8.59243, 0.989969)

[node name="rigid_box3" parent="Node3D" instance=ExtResource("1_g1j0t")]
transform = Transform3D(0.710271, -0.617294, -0.338323, 0.703928, 0.622857, 0.341372, 0, -0.480621, 0.876928, 0, 4.6678, 2.11011)

[node name="rigid_box4" parent="Node3D" instance=ExtResource("1_g1j0t")]
transform = Transform3D(0.710271, -0.617294, -0.338323, 0.703928, 0.622857, 0.341372, 0, -0.480621, 0.876928, 0, 6.74128, 2.78728)

[node name="rigid_box5" parent="Node3D" instance=ExtResource("1_g1j0t")]
transform = Transform3D(0.710271, -0.617294, -0.338323, 0.703928, 0.622857, 0.341372, 0, -0.480621, 0.876928, 2.79308, 4.6678, -2.05693)

[node name="WorldEnvironment" type="WorldEnvironment" parent="."]
environment = SubResource("Environment_ptumj")

[node name="walls" type="Node3D" parent="."]

[node name="wall" type="StaticBody3D" parent="walls"]
transform = Transform3D(1, 0, 0, 0, 1, 0, 0, 0, 1, 0, 2.38556, 13.4721)

[node name="CollisionShape3D" type="CollisionShape3D" parent="walls/wall"]
shape = SubResource("BoxShape3D_28sx2")

[node name="MeshInstance3D" type="MeshInstance3D" parent="walls/wall"]
mesh = SubResource("BoxMesh_bs18r")

[node name="wall2" type="StaticBody3D" parent="walls"]
transform = Transform3D(1, 0, 0, 0, 1, 0, 0, 0, 1, 9.85591, 2.38556, 13.4721)

[node name="CollisionShape3D" type="CollisionShape3D" parent="walls/wall2"]
shape = SubResource("BoxShape3D_28sx2")

[node name="MeshInstance3D" type="MeshInstance3D" parent="walls/wall2"]
mesh = SubResource("BoxMesh_bs18r")

[node name="wall3" type="StaticBody3D" parent="walls"]
transform = Transform3D(-4.37114e-08, 0, 1, 0, 1, 0, -1, 0, -4.37114e-08, 9.85591, 2.38556, 8.47213)

[node name="CollisionShape3D" type="CollisionShape3D" parent="walls/wall3"]
shape = SubResource("BoxShape3D_28sx2")

[node name="MeshInstance3D" type="MeshInstance3D" parent="walls/wall3"]
mesh = SubResource("BoxMesh_bs18r")

[node name="wall4" type="StaticBody3D" parent="walls"]
transform = Transform3D(-4.37114e-08, 0, 1, 0, 1, 0, -1, 0, -4.37114e-08, 9.85591, 2.38556, -1.52787)

[node name="CollisionShape3D" type="CollisionShape3D" parent="walls/wall4"]
shape = SubResource("BoxShape3D_28sx2")

[node name="MeshInstance3D" type="MeshInstance3D" parent="walls/wall4"]
mesh = SubResource("BoxMesh_bs18r")

[node name="wall5" type="StaticBody3D" parent="walls"]
transform = Transform3D(-4.37114e-08, 0, 1, 0, 1, 0, -1, 0, -4.37114e-08, 9.85591, 2.38556, -11.5279)

[node name="CollisionShape3D" type="CollisionShape3D" parent="walls/wall5"]
shape = SubResource("BoxShape3D_28sx2")

[node name="MeshInstance3D" type="MeshInstance3D" parent="walls/wall5"]
mesh = SubResource("BoxMesh_bs18r")

[node name="wall6" type="StaticBody3D" parent="walls"]
transform = Transform3D(-1, 0, -8.74228e-08, 0, 1, 0, 8.74228e-08, 0, -1, 4.85591, 2.38556, -11.5279)

[node name="CollisionShape3D" type="CollisionShape3D" parent="walls/wall6"]
shape = SubResource("BoxShape3D_28sx2")

[node name="MeshInstance3D" type="MeshInstance3D" parent="walls/wall6"]
mesh = SubResource("BoxMesh_bs18r")

[node name="wall7" type="StaticBody3D" parent="walls"]
transform = Transform3D(-1, 0, -8.74228e-08, 0, 1, 0, 8.74228e-08, 0, -1, -5.14409, 2.38556, -11.5279)

[node name="CollisionShape3D" type="CollisionShape3D" parent="walls/wall7"]
shape = SubResource("BoxShape3D_28sx2")

[node name="MeshInstance3D" type="MeshInstance3D" parent="walls/wall7"]
mesh = SubResource("BoxMesh_bs18r")

[node name="wall8" type="StaticBody3D" parent="walls"]
transform = Transform3D(1.31134e-07, 0, -1, 0, 1, 0, 1, 0, 1.31134e-07, -5.14409, 2.38556, -6.52787)

[node name="CollisionShape3D" type="CollisionShape3D" parent="walls/wall8"]
shape = SubResource("BoxShape3D_28sx2")

[node name="MeshInstance3D" type="MeshInstance3D" parent="walls/wall8"]
mesh = SubResource("BoxMesh_bs18r")

[node name="wall9" type="StaticBody3D" parent="walls"]
transform = Transform3D(-1, 0, -8.74228e-08, 0, 1, 0, 8.74228e-08, 0, -1, -5.14409, 2.38556, -1.52787)

[node name="CollisionShape3D" type="CollisionShape3D" parent="walls/wall9"]
shape = SubResource("BoxShape3D_28sx2")

[node name="MeshInstance3D" type="MeshInstance3D" parent="walls/wall9"]
mesh = SubResource("BoxMesh_bs18r")

[node name="SpotLight3D" type="SpotLight3D" parent="."]
transform = Transform3D(0.962139, -0.264674, 0.0650896, -0.27018, -0.894649, 0.355819, -0.0359436, -0.359933, -0.932286, -2.29928, 4.37489, -10.0199)
visible = false
light_color = Color(1, 0.94902, 0.529412, 1)
light_energy = 9.243
light_indirect_energy = 1.54
light_volumetric_fog_energy = 7.626
shadow_enabled = true
spot_range = 10.65
spot_angle = 41.36

[node name="Path3D" type="Path3D" parent="."]
transform = Transform3D(1, 0, 0, 0, 1, 0, 0, 0, 1, -1.449, 1, -3.988)
curve = SubResource("Curve3D_my6gp")

[node name="PathFollow3D" type="PathFollow3D" parent="Path3D"]
transform = Transform3D(0.545873, 0, 0.837856, 0, 1, 0, -0.837856, 0, 0.545873, -24.997, 0, 20.7779)
script = ExtResource("2_bx5mx")

[node name="enemy" parent="Path3D/PathFollow3D" instance=ExtResource("3_ktybs")]
transform = Transform3D(1, 0, -2.23403e-08, 0, 1, 0, 1.0607e-07, 0, 1, 0, 0.0134132, 0)

[node name="MeshInstance3D" parent="Path3D/PathFollow3D/enemy" index="1"]
transform = Transform3D(1, 0, 3.45301e-08, 0, 1, 0, -7.62871e-08, 0, 1, 0, 0.00752449, 0)

[node name="SpotLight3D" parent="Path3D/PathFollow3D/enemy/MeshInstance3D" index="0"]
transform = Transform3D(0.999852, -0.0148414, 0.0098069, 0.0144303, 0.999066, 0.0407215, -0.0104021, -0.0405739, 0.999132, -0.393972, -0.589731, -0.261119)
light_color = Color(0.992157, 0.988235, 0.388235, 1)
light_volumetric_fog_energy = 0.0
shadow_enabled = true

[node name="Knight" parent="." instance=ExtResource("4_8lpuc")]
transform = Transform3D(1, 0, 0, 0, 1, 0, 0, 0, 1, 0, 0, 17)

[node name="Skeleton3D" parent="Knight/Rig" index="0"]
bones/0/position = Vector3(0, 3.03586e-05, 0)
bones/1/position = Vector3(1.07303e-20, 0.369773, 2.5583e-27)
bones/1/rotation = Quaternion(0.000823474, 0.0428042, -3.52779e-05, 0.999083)
bones/2/rotation = Quaternion(0.000929722, 0.000196966, -1.55015e-05, 1)
bones/3/rotation = Quaternion(0.000345482, 3.22815e-06, 1.66074e-05, 1)
bones/4/position = Vector3(0.211922, 0.134011, -0.000379039)
bones/4/rotation = Quaternion(-0.554082, -0.057464, -0.635809, 0.534263)
bones/5/rotation = Quaternion(3.7146e-08, -6.5113e-08, -0.51708, 0.855937)
bones/7/rotation = Quaternion(-0.318685, -0.339458, 0.147808, 0.87256)
bones/8/rotation = Quaternion(0.000467561, 0.00136561, -0.70248, 0.711702)
bones/14/position = Vector3(-0.211883, 0.133992, -0.000368668)
bones/14/rotation = Quaternion(-0.612165, 0.0775292, 0.611329, 0.4955)
bones/15/rotation = Quaternion(2.01862e-08, 4.73365e-08, 0.539135, 0.84222)
bones/17/rotation = Quaternion(-0.317649, 0.316263, -0.229396, 0.863976)
bones/18/rotation = Quaternion(0.00243745, 0.00296738, 0.702849, 0.711328)
bones/21/rotation = Quaternion(-0.0010723, -0.0310217, -3.72211e-05, 0.999518)
bones/24/position = Vector3(0.170945, 0.113587, -0.000389148)
bones/24/rotation = Quaternion(0.989809, 0.0829297, 0.0780639, 0.085478)
bones/25/rotation = Quaternion(0.390629, 5.85657e-08, -2.65564e-07, 0.920548)
bones/26/rotation = Quaternion(-0.619163, -0.199668, 0.0748746, 0.755753)
bones/27/rotation = Quaternion(-3.01181e-08, 0.919842, -0.392289, 6.94479e-08)
bones/28/position = Vector3(-0.170945, 0.113587, 0.000389176)
bones/28/rotation = Quaternion(0.991251, -0.0331028, 0.0294751, 0.124329)
bones/29/rotation = Quaternion(0.440386, -5.84953e-08, 3.06368e-07, 0.897809)
bones/30/rotation = Quaternion(-0.645186, 0.111698, -0.0225372, 0.75548)
bones/32/position = Vector3(0.170945, 0.293069, 0.576571)
bones/33/position = Vector3(0.201926, 0.0255259, 0.204237)
bones/33/rotation = Quaternion(-0.70629, -7.06018e-08, -7.04551e-08, 0.707923)
bones/39/position = Vector3(-0.170945, 0.293069, 0.576571)
bones/40/position = Vector3(-0.170945, 0.0260177, 0.244828)
bones/40/rotation = Quaternion(-0.704229, -7.08733e-08, -7.01825e-08, 0.709973)
bones/47/position = Vector3(0.520778, 0.775369, -0.0557676)
bones/47/rotation = Quaternion(0.79662, 0.00423961, 0.604466, 0.000719143)
bones/49/position = Vector3(-0.510863, 0.775369, 0.0606446)
bones/49/rotation = Quaternion(-0.760638, 0.00393069, 0.649165, -0.000698385)

[node name="Knight_Helmet" parent="Knight/Rig/Skeleton3D" index="0"]
transform = Transform3D(0.999712, 0.000313977, 0.0239795, -0.000265012, 0.999998, -0.00204511, -0.0239801, 0.00203816, 0.99971, 0.00023986, 1.18003, 0.00269727)

[node name="Knight_Helmet" parent="Knight/Rig/Skeleton3D/Knight_Helmet" index="0"]
transform = Transform3D(0.999999, -8.56263e-06, -0.00139428, 8.5545e-06, 1, -5.85308e-06, 0.00139429, 5.8412e-06, 0.999999, -2.94745e-05, -0.00640965, 2.86102e-05)

[node name="Knight_Cape" parent="Knight/Rig/Skeleton3D" index="1"]
transform = Transform3D(0.996301, 0.000357559, 0.0859283, 3.25724e-06, 0.999991, -0.00419886, -0.0859291, 0.00418361, 0.996293, 0.000238261, 1.18003, 0.00264247)

[node name="SpotLight3D" parent="Knight/Rig/Skeleton3D" index="3"]
transform = Transform3D(0.999887, -0.0150267, 1.74732e-07, -0.0150241, -0.99971, 0.0188485, -0.000283056, -0.0188464, -0.999822, -0.548723, 0.415589, 0.740334)
light_color = Color(1, 1, 0.403922, 1)
light_energy = 8.657
light_indirect_energy = 0.0
light_volumetric_fog_energy = 0.0
light_specular = 9.186
shadow_enabled = true
distance_fade_enabled = true
distance_fade_shadow = 181.66
distance_fade_length = 1048.63
spot_range = 14.102
spot_attenuation = 1e-05
spot_angle = 24.31
spot_angle_attenuation = 0.0669859

[node name="CameraController" parent="Knight" index="3"]
transform = Transform3D(1, 0, 0, 0, 1, 0, 0, 0, 1, 0, 17.0076, 0)

[node name="Camera3D" parent="Knight/CameraController/CameraTarget" index="0"]
transform = Transform3D(1, 0, 0, 0, 1, -2.41447e-08, 0, 5.19183e-08, 1, 0, 0, 0)

[editable path="Path3D/PathFollow3D/enemy"]
[editable path="Knight"]
